1000 9898
621 577
122 520
263 638
696 855
116 762
438 987
760 501
248 973
320 855
119 90
303 275
820 111
498 537
616 140
695 942
75 97
576 522
169 228
541 324
66 868
490 552
752 331
648 22
888 891
977 734
691 408
430 364
35 604
905 538
875 292
697 920
348 700
577 434
120 707
762 126
502 445
745 884
676 290
862 461
330 226
115 584
226 307
432 350
586 51
936 222
168 360
81 569
409 66
233 433
953 893
845 695
153 69
30 865
413 523
250 671
948 988
262 304
944 295
799 107
693 756
784 304
876 590
492 923
73 271
555 767
183 214
495 224
687 582
353 527
101 377
370 714
534 383
849 367
485 107
710 604
327 632
238 301
183 500
336 469
797 376
655 590
755 242
855 23
214 133
489 650
57 78
354 536
247 455
530 631
82 841
592 964
96 659
78 615
940 390
584 680
342 168
473 47
290 591
735 451
972 55
55 9
994 731
649 492
192 577
692 406
288 84
180 162
646 451
354 237
415 958
201 614
255 703
654 722
688 676
658 347
325 973
142 141
49 571
801 628
923 25
924 374
178 112
364 267
391 500
808 601
784 848
515 960
700 92
258 43
791 119
338 253
102 354
896 681
948 658
935 840
188 799
533 841
582 171
965 49
664 548
760 141
353 841
372 83
64 644
567 178
606 716
872 900
385 118
867 800
707 535
854 858
945 926
728 602
401 952
241 697
77 275
735 232
741 764
617 806
409 745
929 482
107 516
991 114
399 450
871 855
855 469
161 201
129 875
918 533
885 686
120 488
410 884
195 502
713 629
786 109
77 966
719 555
669 258
82 604
454 752
806 613
272 908
953 680
243 403
355 845
622 141
786 768
973 494
668 73
61 788
377 743
511 852
346 308
928 64
359 608
587 453
145 170
311 733
499 805
78 908
799 824
52 9
92 940
131 248
169 77
978 973
908 992
895 784
342 624
623 737
630 199
408 642
101 795
212 100
58 590
40 77
24 850
654 486
658 925
733 375
74 212
942 4
315 194
723 193
795 348
927 331
110 773
789 438
171 899
546 717
875 923
125 344
318 961
983 977
654 691
289 717
92 54
172 126
779 430
375 641
951 228
975 524
537 947
349 562
867 941
428 167
840 63
141 774
926 826
229 93
478 299
567 293
327 576
336 413
959 399
781 923
931 704
603 497
489 689
822 157
346 74
807 203
310 929
595 533
778 479
266 267
981 464
180 469
787 359
789 701
377 929
998 717
261 382
597 858
308 49
972 1000
721 296
491 635
869 368
691 624
102 614
344 325
147 994
100 427
681 396
782 200
824 62
890 323
323 997
47 234
127 440
832 456
402 269
652 675
305 584
322 550
251 500
715 5
936 310
772 196
995 789
286 880
468 115
162 802
532 836
610 164
41 231
156 720
50 111
107 98
607 273
886 456
373 171
804 427
495 632
477 157
939 1000
216 469
699 324
701 686
245 274
358 138
988 190
295 518
48 193
67 703
512 592
324 22
281 381
335 950
374 856
488 791
654 830
876 762
254 802
736 45
646 894
667 689
788 475
916 144
135 268
142 600
90 777
589 209
738 985
152 492
685 702
603 477
180 314
74 773
294 262
575 147
397 519
949 106
364 702
443 175
241 141
801 833
718 480
47 571
586 200
199 268
612 123
101 952
532 292
612 202
687 760
523 619
981 923
344 464
816 562
809 778
577 230
522 673
942 558
504 534
639 608
783 314
860 927
844 308
41 33
424 439
526 88
834 116
108 127
53 650
862 144
705 203
783 472
257 634
475 341
634 66
727 995
639 215
680 934
308 879
572 140
304 394
202 313
700 40
520 926
443 49
837 129
303 549
715 621
19 978
444 605
234 121
316 870
832 702
375 728
768 726
91 257
842 459
827 117
849 477
48 124
309 363
298 764
79 401
113 379
402 590
25 973
542 170
449 745
822 170
111 145
725 917
446 238
138 167
33 91
976 149
761 993
375 141
341 781
273 741
384 666
260 485
898 475
394 623
858 8
308 489
402 18
169 805
316 972
8 485
687 559
229 553
40 534
385 913
47 829
431 82
74 765
274 491
458 156
647 814
445 114
175 89
983 667
839 70
606 343
259 466
558 538
245 229
762 945
619 984
51 84
291 965
771 335
331 452
615 620
505 57
832 222
652 329
874 585
819 456
992 273
469 391
879 824
572 144
991 718
279 322
357 390
175 413
639 88
514 281
421 573
426 873
797 870
912 68
58 380
696 474
222 555
150 324
210 83
338 28
193 807
34 485
953 521
495 150
779 926
873 290
214 762
970 568
449 717
23 684
746 67
824 649
751 310
845 781
292 659
906 915
444 822
488 254
930 13
569 699
452 345
422 689
439 589
354 731
592 643
926 240
51 726
638 702
87 172
414 932
128 349
464 421
103 902
808 842
401 404
846 986
122 944
378 294
216 437
136 635
161 372
402 118
186 929
670 407
753 67
702 4
80 499
173 842
905 87
86 313
805 261
716 160
957 202
226 948
198 182
71 188
421 413
494 701
744 568
50 505
568 262
295 769
810 463
169 477
932 236
463 167
247 524
17 145
326 165
257 930
360 249
50 219
978 383
698 603
227 945
783 822
590 528
790 86
261 780
120 986
317 640
672 625
507 17
92 384
292 834
172 488
409 938
304 176
969 162
274 146
884 11
666 194
779 417
319 504
729 866
548 226
10 241
565 609
413 788
894 503
474 482
992 363
976 928
725 875
600 864
54 589
76 449
793 287
891 460
817 417
447 122
570 235
132 450
298 982
725 589
56 220
717 217
419 874
794 866
857 494
160 138
623 211
19 65
735 302
710 824
501 527
198 609
308 417
717 827
904 232
618 960
913 366
291 474
753 111
682 37
924 106
892 763
714 914
87 756
91 753
330 923
80 622
621 696
905 403
212 411
363 209
917 832
563 248
212 10
965 692
191 455
500 269
955 944
433 380
144 233
770 443
479 406
168 255
296 948
211 67
253 148
888 285
791 467
690 47
174 164
729 563
876 326
788 928
737 8
462 227
391 221
656 114
269 513
453 292
515 313
771 835
847 244
153 24
926 765
139 29
306 510
489 80
186 80
495 206
210 170
603 641
254 803
353 594
353 419
125 206
627 180
220 742
298 680
560 75
340 996
263 346
500 856
220 661
977 118
544 959
301 857
109 363
241 307
523 319
35 747
677 718
380 194
87 674
609 988
313 271
132 309
856 491
265 108
938 141
316 553
891 167
854 41
178 518
870 412
588 253
665 462
991 128
795 957
184 378
709 992
35 753
201 729
398 861
259 505
594 505
66 917
929 529
142 294
625 162
165 975
38 343
178 225
792 791
106 617
783 475
523 905
331 424
403 807
562 292
874 594
377 218
624 117
770 825
771 112
154 365
460 867
136 569
84 983
269 835
453 230
607 389
131 894
62 984
290 438
804 95
214 259
813 407
119 944
932 507
291 501
920 483
877 471
576 261
210 255
613 188
234 137
486 26
898 294
776 982
745 259
266 140
837 307
768 838
508 367
203 731
384 95
133 700
336 312
345 731
376 969
851 287
909 759
876 878
716 539
402 591
665 371
849 254
760 815
335 683
393 912
46 954
659 397
254 569
115 341
461 321
836 275
712 257
659 506
473 275
347 358
460 63
462 597
738 53
74 905
600 41
424 600
763 439
355 928
907 585
692 481
507 237
289 274
18 176
765 423
38 183
630 573
995 144
616 91
890 422
14 188
381 893
458 266
591 990
473 287
360 552
930 652
61 976
78 950
136 409
366 466
398 259
444 79
562 742
947 96
620 248
606 231
532 911
516 11
686 72
170 587
814 496
935 104
107 156
895 207
939 789
980 79
448 808
268 67
805 164
73 803
900 648
940 589
713 299
1 457
185 660
3 263
576 67
248 244
230 388
840 472
300 210
968 380
727 458
234 237
947 503
873 434
565 524
837 279
175 976
642 775
807 451
864 155
454 646
210 261
817 299
68 293
825 800
815 837
483 442
615 503
543 362
780 520
124 434
907 663
285 23
74 858
128 350
592 787
773 354
132 382
816 715
748 654
108 745
189 492
415 894
324 961
748 615
769 628
440 190
242 374
407 266
65 215
321 77
944 372
507 870
700 591
354 143
796 474
564 46
748 963
568 41
587 455
423 749
579 619
601 39
729 26
498 63
4 372
356 679
895 786
751 699
145 458
538 419
593 980
44 728
542 627
523 993
933 386
883 747
835 720
139 389
288 685
110 920
183 852
330 312
421 591
210 786
927 309
936 152
311 48
279 470
157 682
908 38
309 543
76 830
59 72
760 171
186 189
376 803
873 684
788 338
1 96
275 641
221 589
450 743
872 579
300 468
34 232
510 509
383 881
831 493
65 710
950 543
780 605
360 390
830 887
159 416
138 237
292 552
87 194
355 794
82 574
694 857
18 470
820 126
368 671
411 653
428 741
677 698
380 302
200 668
772 642
578 337
319 669
431 311
782 993
369 148
896 584
445 215
528 821
506 487
237 783
951 813
682 34
994 368
406 738
133 362
246 493
908 672
89 422
683 916
812 816
653 756
891 873
178 212
933 68
990 911
536 658
518 998
995 791
83 689
669 586
504 986
305 735
253 737
880 85
148 883
518 881
689 561
541 560
707 610
170 914
799 461
819 259
308 772
684 899
131 773
67 899
672 559
233 431
179 120
70 266
733 458
417 90
614 343
117 791
534 116
991 807
766 386
11 969
585 60
971 983
474 677
291 425
258 674
498 287
284 934
954 90
42 624
828 631
120 675
618 79
862 818
756 465
974 392
977 484
962 592
160 602
473 614
167 953
778 110
428 427
746 442
638 868
492 630
223 428
854 332
323 276
380 195
643 821
262 689
268 822
930 391
949 409
218 149
948 532
440 135
612 101
596 866
8 459
431 115
894 831
164 758
430 116
856 702
393 384
204 838
153 748
406 654
660 59
359 682
856 134
469 358
423 144
455 343
191 301
632 1000
799 754
372 712
307 484
781 830
313 827
745 932
597 971
586 348
678 260
67 833
454 311
348 814
463 15
714 75
163 451
794 35
972 943
151 354
923 461
581 766
306 457
737 43
679 904
684 758
309 599
111 735
439 212
480 427
33 65
381 101
92 248
55 484
607 715
573 615
902 359
779 488
780 775
323 948
180 587
692 286
807 478
366 890
2 643
993 988
745 147
963 228
267 813
842 683
958 553
284 899
779 214
893 236
234 571
81 420
890 850
208 192
341 922
534 975
904 500
501 676
602 241
86 966
379 72
18 286
38 805
864 474
830 449
303 323
855 886
987 586
687 399
20 423
670 441
252 664
768 417
735 349
574 85
283 172
265 361
284 131
731 554
560 894
170 278
958 327
247 772
782 49
87 703
143 914
438 763
404 523
26 489
818 893
674 761
87 812
369 527
188 69
811 265
981 256
421 341
148 811
679 761
663 212
485 767
481 38
533 696
606 6
239 731
476 255
166 615
136 982
301 388
943 821
33 878
81 817
54 708
503 309
23 562
754 312
79 51
339 158
361 314
76 795
847 62
62 950
512 619
206 221
467 58
159 169
287 868
36 420
42 953
977 258
371 15
334 129
431 873
638 115
215 134
242 800
240 232
116 889
524 288
765 84
656 744
508 227
958 965
336 436
447 64
458 875
849 106
464 8
835 43
655 988
432 630
750 474
328 551
295 361
318 70
1000 121
929 35
967 943
750 69
256 435
758 761
27 496
924 866
691 537
947 643
587 664
180 18
165 322
829 699
556 661
640 728
604 649
753 65
575 280
248 887
778 634
545 861
587 454
611 460
558 709
869 908
891 844
387 2
469 286
697 763
592 495
131 253
297 133
844 664
84 187
212 496
791 867
28 272
667 76
249 61
397 243
18 744
168 5
614 590
742 173
210 571
970 902
787 708
791 148
832 939
896 648
219 611
883 520
918 25
462 133
615 961
363 972
656 8
58 286
749 780
251 697
57 445
261 556
667 569
194 705
67 341
619 288
825 609
3 657
945 776
106 260
141 771
275 753
43 381
65 602
262 25
335 765
104 893
410 804
674 441
765 489
767 687
474 2
458 655
662 834
369 425
385 652
454 692
122 611
376 682
696 814
824 227
200 981
675 526
898 962
169 978
631 294
900 672
62 103
590 192
138 607
821 494
910 273
734 565
772 274
645 635
597 355
801 358
855 943
716 119
130 590
204 803
795 832
239 643
653 610
322 434
341 406
749 604
277 894
957 236
407 15
247 972
430 340
160 328
516 61
865 629
256 987
745 975
192 985
429 996
583 7
318 299
877 486
279 166
562 318
466 363
249 9
359 500
105 445
402 930
960 77
926 950
475 668
527 637
934 593
258 494
667 886
5 867
118 660
1 488
598 674
33 790
710 936
527 738
122 128
990 456
701 683
940 677
279 501
747 181
451 368
641 704
309 626
258 304
98 563
729 723
68 471
533 835
92 21
132 876
993 838
707 976
727 397
181 473
77 42
888 219
413 246
432 742
239 68
242 872
482 362
299 352
752 933
931 502
698 471
437 97
415 41
265 176
251 779
787 279
60 851
850 653
134 338
446 64
489 547
742 745
481 883
940 414
87 455
623 241
588 859
699 705
761 804
333 579
839 313
786 839
966 331
199 158
151 987
799 991
212 731
433 722
621 385
236 161
40 972
99 107
961 68
450 707
252 603
878 643
826 806
421 450
34 581
155 58
982 685
549 966
951 982
153 525
706 675
53 824
922 891
981 912
245 32
121 114
691 186
123 972
435 891
109 753
478 446
586 63
295 705
560 606
653 430
179 620
326 909
214 748
457 882
554 672
629 236
598 825
309 598
764 736
167 536
6 926
153 506
119 803
375 725
728 578
68 227
515 405
534 384
348 147
229 432
676 881
682 754
495 93
524 317
194 952
475 897
385 441
115 422
238 625
34 148
385 195
949 561
834 763
341 921
132 388
129 136
869 467
341 778
103 927
65 461
517 887
419 804
459 243
207 881
336 134
561 627
545 86
968 587
695 744
21 969
302 526
288 104
821 818
643 718
240 369
41 352
886 984
890 279
378 227
92 853
588 114
844 452
350 133
134 890
250 25
86 387
717 547
166 299
465 830
121 665
212 477
620 434
434 115
203 306
740 619
598 409
583 207
951 683
991 698
153 922
407 789
268 125
953 963
329 121
192 45
175 414
440 857
278 925
726 686
909 853
876 392
235 272
80 696
827 180
993 172
561 817
720 783
462 72
154 953
654 842
1 26
119 692
101 153
394 123
722 215
794 760
337 115
889 574
29 861
985 959
324 271
882 273
510 598
721 917
793 256
281 596
210 402
439 374
717 417
206 670
655 991
582 789
531 741
128 336
592 878
869 503
545 385
27 880
640 443
699 664
593 509
646 129
189 490
191 300
194 64
88 707
929 915
416 74
199 209
200 753
203 146
460 840
350 839
782 704
636 164
178 972
87 636
414 724
246 391
193 9
377 340
30 900
714 637
23 201
937 154
875 450
374 239
89 505
699 75
537 845
94 106
477 80
634 167
943 776
908 924
856 405
738 73
773 710
732 623
948 604
677 58
808 167
700 397
539 9
978 747
746 607
969 500
787 711
5 782
745 669
267 347
965 896
953 840
257 833
24 628
921 234
409 62
802 575
106 208
509 245
129 399
704 960
813 477
529 942
896 643
126 102
383 541
280 956
733 506
524 231
618 198
232 405
34 375
146 861
932 652
632 86
347 477
209 505
769 121
73 596
113 615
885 804
206 984
355 574
797 651
375 931
821 261
270 565
510 626
261 350
501 512
323 173
87 220
264 861
545 316
225 230
290 657
953 993
977 809
155 533
318 99
947 625
195 756
712 426
613 790
781 714
336 618
895 764
200 749
844 46
522 806
523 579
818 593
526 806
449 18
748 914
787 182
666 941
672 983
61 933
191 550
85 47
697 677
130 766
576 594
633 551
207 508
498 720
762 901
28 193
201 691
620 506
452 516
895 816
622 600
809 93
499 547
72 527
329 160
739 365
26 192
800 487
710 30
732 994
453 15
666 400
196 48
607 743
141 354
931 63
22 495
278 837
671 790
766 400
125 376
206 4
289 897
149 984
609 457
957 625
281 208
599 592
106 71
579 948
676 975
543 121
176 25
486 314
567 103
81 156
62 359
428 135
57 347
370 178
206 820
686 514
615 424
547 856
90 789
988 766
920 70
727 67
769 359
665 694
388 843
228 10
836 329
219 345
591 673
5 206
171 218
82 947
627 903
416 3
881 497
919 755
981 822
88 699
14 167
644 314
665 833
830 5
557 819
446 306
86 245
895 609
678 969
695 933
863 455
194 928
189 244
134 671
230 960
549 884
273 57
222 100
409 503
908 981
711 32
972 460
22 847
138 101
151 41
835 860
487 209
783 548
199 733
165 861
60 101
447 807
818 953
434 942
19 760
577 294
192 196
417 737
992 891
279 427
562 5
862 776
959 733
774 630
261 833
686 98
146 629
31 559
571 174
811 767
121 429
709 212
529 630
732 155
382 260
883 225
614 83
742 100
693 608
533 215
935 743
681 988
171 378
23 757
851 492
724 614
11 213
569 675
437 211
846 177
81 9
428 506
121 888
636 624
492 709
979 268
926 152
507 384
608 469
635 908
651 867
682 738
443 22
95 798
771 21
838 49
462 971
503 229
384 525
965 687
929 871
345 104
551 488
165 317
393 418
415 933
839 999
166 217
564 466
523 792
268 649
530 52
490 521
863 72
505 76
662 712
406 394
49 655
265 986
250 248
411 246
349 244
334 600
10 818
282 63
374 681
910 170
508 859
382 868
535 24
645 584
665 593
960 182
449 491
927 338
141 345
55 183
184 964
757 442
885 373
188 907
337 455
474 744
625 792
258 761
775 956
101 311
589 546
119 695
323 914
533 235
341 243
544 796
229 36
570 96
864 781
58 188
21 296
674 2
786 712
513 896
927 465
401 622
9 353
462 517
564 501
440 156
764 12
735 413
682 811
226 767
62 73
869 327
962 43
191 303
730 63
624 534
96 803
77 692
878 400
122 815
85 153
812 615
288 117
824 39
734 750
472 65
970 448
882 692
352 919
880 770
744 685
1000 567
378 119
606 311
553 329
883 974
865 623
458 15
773 692
9 543
362 419
370 918
723 998
74 650
140 886
540 838
736 619
893 887
112 277
576 132
373 210
58 570
59 367
278 975
563 815
710 66
258 443
508 605
85 932
810 783
997 655
529 941
653 320
441 509
405 154
44 174
300 64
237 667
976 275
457 619
186 43
406 14
922 487
137 613
750 555
898 412
976 932
500 574
375 930
121 839
441 348
698 49
868 865
906 2
428 450
584 440
12 641
345 484
327 716
271 448
775 356
743 757
693 235
877 894
475 662
497 114
596 986
744 205
742 616
607 544
290 513
130 810
220 834
593 472
596 841
165 356
951 1000
838 533
940 416
70 675
53 415
494 515
985 232
528 839
352 947
812 819
887 361
523 800
122 37
307 397
737 576
972 584
981 341
605 585
37 237
558 961
634 43
122 263
231 171
197 471
606 77
643 197
307 692
749 571
863 134
98 751
481 221
357 610
547 398
857 618
715 580
870 694
301 91
709 110
837 57
162 739
366 515
917 369
167 630
386 507
172 456
188 107
940 965
779 449
712 956
20 987
298 517
558 351
300 443
907 101
121 754
175 917
517 750
704 703
162 167
328 643
17 981
419 701
722 446
975 912
247 505
802 486
234 740
551 225
926 887
954 669
146 405
535 877
366 264
226 679
743 974
673 492
961 990
364 857
97 218
647 944
996 978
359 598
87 551
551 340
830 149
693 153
559 480
726 986
17 418
878 641
809 926
973 659
904 998
338 606
714 773
967 437
164 294
60 247
867 225
648 566
398 579
936 422
97 894
558 989
173 449
546 957
446 847
106 996
982 909
597 544
118 839
323 637
527 595
843 422
383 353
325 950
316 318
650 803
417 593
402 853
491 960
220 130
221 247
312 6
874 636
699 468
870 95
193 975
188 771
572 717
269 1000
115 138
522 502
882 117
64 604
463 433
992 440
922 396
278 563
500 711
730 740
950 481
73 531
863 832
257 372
657 268
263 442
964 197
548 516
523 866
219 390
863 977
21 760
242 29
152 461
704 778
229 225
87 135
548 619
761 996
794 823
692 382
180 394
184 77
974 829
310 541
422 507
995 263
208 947
282 678
941 981
161 355
15 120
717 878
556 684
740 465
925 353
708 631
892 244
240 371
574 918
886 990
433 764
731 559
236 135
401 94
633 621
441 115
160 259
969 531
700 645
521 13
380 972
256 901
190 562
504 789
579 771
92 740
46 205
891 624
567 629
435 470
933 379
477 175
704 29
905 794
780 482
1 461
165 594
300 831
121 366
582 173
35 186
842 310
594 855
832 864
338 25
139 200
747 383
524 224
905 379
291 405
37 761
495 157
928 990
67 378
361 89
914 909
208 452
279 797
750 524
369 806
959 256
119 551
450 304
55 747
296 201
371 814
997 46
712 210
785 922
695 443
533 460
306 650
720 333
242 1
483 313
888 855
46 837
472 518
588 460
110 120
591 747
43 65
506 137
527 405
17 558
901 549
221 774
340 708
39 405
114 601
13 570
132 152
886 907
243 695
265 313
365 150
470 354
364 929
401 169
916 632
973 633
425 35
227 107
174 721
32 250
251 494
783 377
472 497
628 788
919 137
154 261
286 798
487 139
605 612
917 869
448 153
804 302
320 50
878 923
295 933
306 170
395 918
844 942
97 23
118 655
727 791
374 549
819 344
328 349
936 156
554 727
495 979
282 306
466 55
28 722
802 573
326 971
512 507
116 11
153 7
462 59
600 472
358 504
196 483
968 412
789 113
936 954
849 399
645 990
888 83
335 984
471 426
894 105
953 409
423 261
685 946
450 485
345 713
589 342
627 223
202 830
152 103
779 130
363 989
203 628
574 581
759 603
299 25
82 683
356 94
858 312
752 779
253 306
829 905
295 45
363 435
891 432
105 491
289 252
826 461
664 480
151 722
724 493
411 641
104 173
748 750
68 520
108 589
513 653
753 256
860 764
994 554
485 609
568 235
832 12
152 594
275 53
745 765
584 629
888 428
273 962
356 44
576 549
273 573
812 925
961 125
378 25
115 199
354 30
890 188
820 295
752 181
861 589
45 512
743 617
340 76
376 652
677 75
595 738
313 908
957 459
266 718
818 915
384 727
909 40
322 706
785 218
308 913
978 717
174 62
835 896
839 952
509 437
278 1000
705 444
597 646
710 943
228 486
418 743
419 2
349 477
956 363
921 301
932 33
64 339
140 856
107 279
823 245
71 880
865 916
573 494
941 10
527 670
907 134
638 172
159 221
346 500
73 276
145 903
839 600
920 315
41 960
894 389
396 528
606 537
21 397
404 123
617 609
637 509
105 20
214 406
529 682
270 612
661 93
239 65
333 60
172 894
598 748
216 822
971 646
366 188
819 753
375 822
341 898
952 345
591 562
575 153
927 540
328 610
536 135
384 692
336 157
134 480
228 411
657 661
485 564
786 823
972 10
705 641
464 753
877 79
91 562
30 552
761 666
104 423
947 877
5 383
355 246
751 678
435 174
933 147
971 32
847 637
518 567
761 500
682 123
861 593
753 872
771 345
130 371
592 426
726 677
305 767
952 610
974 739
781 1
819 498
141 162
897 524
18 559
939 957
175 391
560 862
770 165
840 790
426 895
577 725
337 331
62 783
180 986
395 168
947 455
624 328
879 512
491 963
789 488
539 424
465 300
603 962
552 388
496 810
462 115
110 545
92 244
408 43
979 820
708 414
159 326
481 731
551 576
862 899
443 499
172 211
284 565
413 215
110 259
368 878
755 74
737 491
439 615
405 947
318 332
708 188
860 279
369 276
955 525
205 230
261 148
454 655
381 421
705 579
759 688
704 954
688 287
138 816
803 574
273 735
147 66
630 647
354 1
48 525
503 231
547 549
436 172
735 456
627 723
590 453
955 856
82 804
484 656
843 987
535 993
203 120
332 348
960 605
908 661
321 21
982 482
606 462
769 781
511 782
919 503
406 686
977 674
230 994
247 768
360 700
658 127
808 400
296 196
287 290
562 739
431 162
601 127
305 650
658 142
863 219
847 710
65 266
856 43
306 52
17 175
678 292
277 405
297 335
939 776
838 30
144 54
795 329
213 724
54 728
776 522
796 597
581 217
803 211
328 177
222 700
500 774
926 318
563 608
396 585
953 636
664 969
72 336
447 366
341 759
492 773
788 298
112 917
383 10
979 364
194 923
57 401
24 70
333 452
794 630
245 776
85 611
728 269
233 816
52 412
996 235
542 27
786 542
108 987
995 469
6 340
835 188
712 433
109 523
425 256
243 521
434 462
52 33
660 800
679 867
464 697
356 511
543 917
269 480
52 976
90 271
346 693
422 198
243 807
570 644
423 744
706 452
65 500
760 418
286 908
472 498
882 517
500 384
482 151
389 697
908 927
508 923
108 189
273 144
883 833
314 588
136 664
551 243
880 189
273 289
46 238
451 634
913 849
745 642
780 391
107 413
110 780
550 537
662 935
227 772
395 240
348 48
780 425
867 756
456 113
650 713
813 107
270 798
936 586
811 598
871 906
512 361
492 873
717 352
484 133
671 371
569 729
91 109
591 424
162 240
722 750
458 651
349 862
722 472
171 98
159 102
48 759
176 444
553 862
536 172
384 681
294 364
77 884
356 189
307 979
693 873
330 592
939 246
928 133
985 340
640 265
180 242
168 459
871 148
463 589
139 907
678 928
769 964
511 881
965 223
43 731
669 803
66 792
963 538
268 764
930 689
826 782
977 746
608 820
47 96
32 775
911 651
183 608
365 637
585 30
706 26
190 632
943 26
620 501
602 664
677 74
398 613
700 317
3 564
645 492
739 257
832 237
639 312
895 130
951 748
623 883
37 380
330 246
24 949
139 420
552 139
71 589
611 936
799 345
488 721
912 115
1 308
597 630
193 880
441 430
456 109
936 919
497 583
282 901
289 851
471 79
92 128
572 666
245 942
730 526
608 238
863 878
76 396
591 287
449 518
157 205
107 850
471 429
54 383
3 943
67 224
875 485
74 780
328 532
717 102
904 477
722 444
741 96
979 739
53 174
256 448
920 871
481 887
209 416
764 54
838 853
886 130
240 506
699 709
10 273
273 796
332 946
630 329
251 331
895 610
217 79
114 705
632 894
338 717
523 753
87 662
847 636
169 125
387 50
784 590
568 341
435 222
341 306
965 658
677 110
810 385
463 101
908 822
88 361
417 885
325 132
842 62
46 38
728 953
788 979
921 310
649 743
887 947
799 317
912 95
222 566
38 446
70 974
510 205
371 137
618 138
234 243
823 73
400 545
573 610
176 56
941 756
115 61
760 966
23 758
285 491
141 839
441 21
439 614
355 635
580 96
764 773
780 610
973 8
780 377
640 795
427 183
233 740
98 440
15 420
627 436
268 832
985 754
582 956
844 147
294 180
707 413
124 249
198 528
659 222
844 226
147 946
755 393
917 560
562 815
14 134
911 956
166 77
920 609
575 483
317 495
711 227
695 906
437 950
882 194
283 80
856 270
433 579
235 827
97 958
994 420
460 584
430 400
868 945
863 218
331 509
792 889
117 420
818 969
288 552
713 641
244 985
615 762
27 885
376 337
433 190
287 303
188 838
58 549
22 72
597 716
448 861
693 909
378 530
767 28
126 364
241 966
899 310
176 887
304 316
747 224
965 57
324 183
59 34
595 84
227 888
509 94
499 184
845 548
867 808
281 141
708 364
548 245
774 371
154 564
319 338
950 80
760 994
105 211
397 789
953 349
882 269
771 716
869 17
64 856
447 79
440 138
34 928
897 358
772 630
20 243
261 247
627 243
247 306
11 464
513 822
556 876
522 44
707 488
636 450
268 868
358 888
752 719
455 214
195 546
243 520
60 602
658 303
825 246
274 36
442 962
42 24
562 979
9 977
4 140
88 886
421 65
660 656
99 86
407 369
110 679
35 830
421 53
259 422
83 554
249 278
1000 570
505 252
527 209
658 96
986 629
435 233
305 177
221 712
900 421
888 955
376 188
120 549
788 718
757 807
118 995
389 713
675 588
535 456
351 635
45 828
874 404
620 176
487 107
639 670
59 352
405 340
406 247
923 283
376 476
374 571
52 910
366 763
137 831
894 141
16 236
897 789
947 292
150 379
832 846
445 134
870 138
124 552
156 660
440 599
689 36
694 279
508 318
826 267
747 492
278 526
104 723
324 75
286 5
713 319
167 770
389 260
409 638
584 44
877 601
642 916
845 187
902 66
856 876
772 73
986 499
350 634
43 30
911 161
623 107
327 350
61 622
893 497
416 251
159 861
459 191
977 958
173 901
462 774
302 731
255 537
111 983
482 487
854 119
947 787
700 617
97 516
551 517
344 107
957 231
243 947
118 45
339 688
606 278
790 457
363 177
978 937
890 45
763 297
560 550
261 311
421 267
84 75
127 23
718 654
71 979
335 122
853 761
79 661
93 52
330 326
536 726
586 151
24 64
724 249
287 5
70 415
718 475
629 132
387 947
906 737
507 260
194 574
528 194
659 664
822 420
703 611
81 144
723 289
457 13
675 130
241 458
41 198
96 307
389 376
944 225
450 374
238 393
241 347
42 668
483 482
693 347
588 391
436 948
49 342
77 902
328 401
280 344
815 744
23 137
327 322
988 536
294 137
646 178
69 240
167 362
9 920
797 175
764 422
377 129
57 900
764 277
412 482
985 32
507 804
680 594
424 272
784 560
198 811
490 529
198 358
127 324
678 92
511 997
776 212
243 911
579 553
529 268
506 231
706 579
516 30
763 309
434 987
786 260
738 13
442 574
406 93
871 299
283 258
891 617
710 239
892 774
197 456
92 379
865 374
335 94
909 219
107 471
537 223
715 660
476 128
885 236
979 107
625 743
899 362
852 330
49 35
327 274
412 250
989 207
438 127
665 169
478 876
713 149
145 865
702 875
867 924
858 557
200 143
257 472
318 739
689 509
817 256
67 417
622 88
681 849
205 19
690 993
964 192
736 369
270 497
127 564
402 729
388 900
814 115
414 944
164 931
146 722
73 882
419 858
846 608
265 32
378 411
358 861
824 305
535 797
863 752
868 26
652 991
735 584
808 741
806 336
165 424
687 567
561 711
247 252
895 688
877 101
215 514
807 894
352 784
939 334
777 447
183 64
449 222
213 45
820 507
990 815
222 437
151 875
576 292
818 740
394 984
622 826
326 407
808 402
368 153
541 464
411 183
35 611
625 327
607 179
130 341
458 102
70 473
640 674
652 498
672 272
623 837
404 667
616 685
447 839
31 900
908 170
123 860
966 496
344 927
328 292
285 677
597 306
581 199
34 394
607 631
206 180
79 174
637 720
49 79
895 264
128 890
220 16
652 710
183 300
395 436
396 587
628 4
115 107
490 125
58 261
647 157
177 380
492 775
837 340
457 732
148 226
674 431
358 652
513 107
328 847
113 719
37 937
629 527
975 567
10 39
558 711
125 864
417 47
54 292
81 506
320 862
673 222
621 512
342 483
623 86
200 536
939 127
405 695
930 342
420 696
153 311
363 574
15 89
329 738
554 493
791 520
886 910
423 900
265 571
714 535
442 946
170 357
182 944
643 446
682 472
666 965
719 794
492 858
47 78
322 475
783 378
397 11
863 168
921 689
246 186
731 810
273 150
279 152
435 298
601 458
509 783
269 930
435 390
365 697
884 607
60 41
946 6
678 465
93 47
261 995
317 551
376 477
913 736
898 84
992 807
629 62
322 687
775 766
427 532
211 397
822 703
42 869
684 692
496 997
598 397
978 409
45 110
102 97
766 456
612 982
281 360
103 393
641 408
418 19
348 336
522 397
116 820
551 935
380 865
720 526
738 859
885 536
205 785
841 578
717 495
632 313
174 979
798 112
917 526
560 389
725 597
411 533
854 315
489 585
167 240
116 744
415 348
71 441
412 249
267 678
180 77
492 303
94 527
994 553
609 616
564 235
344 334
221 920
946 535
251 161
950 923
790 748
757 631
618 859
583 991
364 23
180 448
865 542
256 802
832 449
130 62
984 188
982 667
820 290
400 349
231 55
645 345
95 278
761 334
66 568
36 832
74 31
804 477
476 415
424 226
867 342
853 279
200 547
32 274
144 225
400 123
643 201
496 724
760 385
979 225
482 923
637 965
411 413
32 598
199 538
794 214
837 148
966 312
714 417
110 814
283 355
196 435
896 537
576 73
49 151
548 191
475 157
918 793
79 279
906 881
234 224
810 335
456 254
898 461
422 535
8 807
105 25
441 255
154 668
466 602
986 293
487 816
82 881
38 598
275 384
721 976
703 832
336 114
134 197
376 659
975 5
983 48
622 368
632 661
517 908
475 469
596 907
833 559
445 929
82 541
321 371
623 142
163 676
703 38
371 521
635 852
927 686
515 221
39 350
565 175
651 502
549 541
331 100
556 603
981 969
354 223
670 471
907 771
178 913
364 996
476 686
541 251
463 976
464 530
946 394
765 956
497 747
368 126
740 750
759 130
69 474
681 216
274 85
279 83
100 668
230 551
430 485
287 420
624 30
696 507
582 923
888 611
154 491
429 851
691 128
178 469
344 789
700 434
577 313
904 599
214 922
505 262
107 470
2 86
420 505
370 700
775 689
386 394
637 602
454 881
503 900
418 774
268 571
202 689
722 244
791 331
119 904
908 485
869 559
954 295
438 124
663 653
6 912
797 955
124 593
162 370
2 747
167 743
525 765
90 528
15 531
509 922
475 22
851 499
540 737
928 660
105 245
103 550
306 772
51 852
281 609
988 735
822 442
155 946
816 840
551 306
772 547
845 467
434 158
458 592
555 194
281 781
543 557
86 588
347 61
185 361
824 361
482 317
808 629
656 209
912 723
897 175
648 173
922 532
631 10
356 548
2 589
985 172
821 990
736 870
420 857
645 256
725 50
871 966
125 998
109 941
608 420
787 576
420 63
253 427
594 460
689 626
654 272
896 820
115 558
706 931
395 888
272 141
201 57
475 438
810 645
906 580
193 653
106 230
140 262
382 75
383 662
352 42
158 917
505 636
106 564
209 987
528 685
577 976
872 960
120 165
194 756
327 816
418 12
291 358
129 71
722 62
614 112
455 639
46 764
584 163
158 986
569 285
572 604
817 291
945 886
547 902
346 205
191 577
592 749
695 229
686 575
509 640
627 485
934 153
280 354
566 128
290 647
458 741
423 161
782 472
68 528
346 926
332 413
133 92
485 585
960 525
673 424
968 764
787 160
455 502
721 484
5 291
599 415
606 425
398 718
181 610
226 308
683 928
384 766
250 71
268 682
348 600
186 582
758 407
526 25
696 452
715 480
314 587
148 578
989 788
322 762
317 518
307 338
735 882
495 761
824 91
598 558
891 528
213 516
624 181
642 268
1 444
330 288
3 218
704 125
408 426
102 755
657 329
382 20
337 102
414 974
19 932
704 236
723 184
671 824
413 600
769 717
414 275
804 159
827 214
349 358
391 1
861 459
228 984
465 506
818 446
638 7
430 584
270 797
896 348
145 808
864 192
183 272
332 622
258 585
354 914
250 959
569 621
769 115
842 667
882 476
681 799
666 50
544 829
102 723
215 16
915 966
807 364
650 441
438 240
177 633
180 296
290 312
493 223
440 405
126 249
186 761
632 425
108 570
894 553
920 782
652 900
32 350
821 252
91 957
39 437
5 101
812 635
544 761
997 433
319 645
804 827
877 923
592 21
169 868
958 36
347 589
428 771
216 265
482 681
493 803
756 863
386 493
535 667
22 970
356 764
216 39
622 755
92 906
442 681
501 74
563 195
819 109
213 966
253 761
515 868
684 853
648 323
619 808
925 873
657 11
913 929
92 680
480 202
667 222
500 133
671 766
819 267
714 95
652 153
627 562
909 774
55 250
139 975
225 235
921 707
119 935
486 377
201 322
297 879
102 2
845 860
842 477
510 295
998 200
487 589
383 908
388 652
228 835
513 175
180 750
217 154
737 451
918 632
480 596
483 407
278 502
418 278
147 332
175 817
616 363
565 878
323 143
161 120
890 681
678 662
612 414
636 4
85 378
569 69
677 212
185 332
596 874
248 984
281 929
880 619
345 22
347 717
167 501
226 787
388 486
122 864
610 909
586 574
748 771
450 730
625 200
611 13
406 369
835 693
289 979
534 54
511 116
738 11
575 908
118 809
857 687
822 939
809 204
336 870
905 737
880 855
572 117
165 697
712 104
334 352
985 783
586 137
275 882
922 151
79 997
723 987
201 382
701 569
885 268
278 110
465 433
802 976
606 622
241 650
242 677
685 101
140 606
718 215
150 515
542 769
245 911
929 332
675 160
414 148
769 443
42 751
487 855
533 435
518 169
573 946
812 398
741 48
263 454
391 525
626 880
741 129
324 583
458 593
596 799
647 749
706 171
851 814
191 305
973 511
333 608
118 478
579 856
394 740
415 786
227 159
412 925
601 40
91 402
415 931
550 218
697 374
825 425
937 167
991 124
357 379
58 863
649 836
544 126
639 415
30 845
18 877
148 844
98 479
559 190
891 646
140 216
801 90
990 222
813 703
481 62
527 525
107 36
988 427
403 127
588 557
166 671
740 188
801 988
457 134
261 798
680 170
679 932
59 39
461 839
64 671
196 500
343 359
811 721
519 288
222 672
650 721
941 78
994 612
229 332
600 624
862 976
646 685
650 672
82 414
319 351
341 755
656 337
431 368
815 991
603 369
237 979
570 182
828 934
78 317
209 178
779 234
121 798
842 838
937 694
424 799
793 442
975 934
959 493
526 640
773 361
229 913
432 765
256 395
830 485
247 45
955 750
610 595
238 784
631 203
501 418
830 115
571 129
470 359
860 827
740 321
249 426
854 217
92 816
754 357
57 563
757 514
758 357
505 129
848 377
40 794
499 991
939 586
743 576
970 172
662 750
903 656
652 400
637 846
909 63
16 434
472 276
365 695
386 92
467 27
362 335
422 875
54 521
202 276
994 360
776 603
154 83
123 890
435 678
111 569
754 952
478 520
785 428
441 277
955 28
59 67
488 919
840 332
548 133
415 142
861 307
384 242
936 959
77 347
922 382
906 859
29 536
232 412
818 447
710 753
245 563
186 125
625 911
67 490
474 362
551 516
453 761
607 920
812 48
461 222
65 733
980 782
342 291
609 748
82 676
485 313
566 242
54 262
404 305
178 688
238 210
510 855
84 343
891 292
798 784
741 104
535 839
555 13
153 314
152 552
730 449
89 511
731 332
679 228
877 366
521 30
668 347
657 974
342 862
326 307
330 830
249 326
561 168
639 625
251 272
640 555
40 871
810 375
297 88
313 775
711 53
787 925
558 600
151 2
279 73
411 369
253 760
677 118
790 447
852 236
382 683
322 735
842 6
255 47
791 114
908 157
714 92
642 273
572 82
194 969
889 210
486 64
178 273
823 323
145 600
222 606
374 949
864 399
93 979
367 308
379 650
586 884
715 856
721 667
560 871
815 855
585 436
492 826
625 939
423 292
571 758
357 32
766 196
733 539
333 55
100 483
814 574
216 827
860 264
256 166
994 886
860 607
918 744
704 804
214 373
108 904
78 484
650 45
190 226
29 32
198 665
436 38
788 179
985 389
599 950
427 365
670 315
29 209
692 279
51 393
134 379
781 743
801 169
195 614
434 402
677 470
180 210
327 93
990 679
247 262
591 972
328 425
820 482
35 874
860 995
496 54
204 895
334 826
886 871
9 181
584 997
825 509
807 693
758 429
649 815
579 554
709 615
964 976
335 261
9 601
841 384
397 162
292 456
187 754
518 842
631 759
563 79
896 810
549 32
977 829
951 716
305 975
776 388
64 406
84 985
303 697
698 605
149 803
187 464
560 598
210 979
945 140
619 53
103 156
396 380
291 110
943 638
893 703
252 495
309 606
680 350
542 612
103 322
927 284
861 306
478 994
851 260
673 612
376 868
621 870
118 709
642 825
113 599
111 964
467 741
686 438
825 786
404 395
797 332
485 224
362 637
509 762
807 311
185 28
224 630
447 164
622 274
473 281
627 440
310 612
369 408
601 551
204 46
556 795
498 847
887 235
47 992
715 552
327 432
661 560
920 758
745 474
330 743
756 865
649 105
722 849
193 37
596 683
308 274
679 317
829 368
633 631
960 705
502 88
965 592
87 694
537 889
610 769
717 731
222 75
382 909
516 253
994 19
23 31
173 287
67 804
143 791
516 275
79 917
163 486
382 254
521 372
245 302
804 101
163 119
185 531
614 276
887 768
968 454
819 608
732 199
556 344
328 5
36 350
408 157
623 496
202 949
99 851
704 479
11 153
661 47
275 732
537 241
760 998
190 457
289 904
592 751
114 159
223 515
831 320
819 970
839 93
664 27
369 299
242 59
488 391
808 934
940 463
924 964
708 947
33 237
363 674
969 838
308 464
131 441
613 843
1000 256
713 957
557 884
174 616
48 780
431 123
587 497
350 105
65 463
999 580
467 335
527 221
532 709
937 19
369 593
34 431
550 99
921 551
14 674
145 337
847 743
630 66
614 583
575 967
984 368
303 640
729 153
37 468
101 737
799 352
120 448
3 365
349 640
463 383
874 178
50 816
568 845
31 554
862 659
385 61
719 46
206 151
851 222
120 84
194 679
52 429
231 832
713 193
396 667
185 920
738 628
979 770
703 803
163 881
594 87
924 524
376 924
964 101
253 490
242 893
968 89
419 569
919 912
646 936
224 591
354 754
584 447
615 492
293 629
935 394
422 347
43 18
320 701
617 185
835 14
985 701
161 451
364 590
988 560
534 908
683 450
137 42
655 168
786 969
630 704
518 778
284 62
268 923
215 598
169 874
167 467
479 77
369 496
249 325
583 984
251 275
736 945
678 52
41 49
522 512
227 282
815 133
653 746
14 412
472 467
435 201
79 702
226 222
923 44
192 978
66 567
969 702
808 252
383 20
701 111
661 396
170 521
193 440
265 795
571 591
957 310
762 222
525 18
705 564
144 115
153 247
420 448
774 755
352 502
170 811
597 640
669 145
763 760
638 500
54 645
184 899
336 553
148 529
451 264
383 569
152 171
280 992
651 179
176 17
234 299
343 415
309 283
71 908
578 852
608 227
714 477
560 70
869 196
543 391
855 401
567 285
833 691
885 874
431 526
309 174
845 44
210 733
543 677
103 882
695 622
755 259
910 276
705 746
133 1
674 807
967 878
898 959
60 586
995 353
209 564
873 605
838 985
659 54
329 703
316 915
156 68
730 353
734 681
173 647
897 836
805 627
456 901
74 348
700 760
256 769
977 713
296 435
752 215
737 613
947 190
396 136
790 344
666 730
919 60
689 587
338 379
305 834
242 630
365 894
294 903
810 541
806 926
330 358
505 969
559 363
563 876
358 88
163 90
771 795
735 618
704 214
212 276
743 79
924 941
452 36
845 571
827 16
975 392
633 353
962 889
751 433
183 293
777 692
996 520
733 887
863 824
384 42
297 949
738 687
221 236
177 677
500 852
256 20
501 904
336 956
105 139
129 907
719 602
243 277
617 224
986 439
756 88
987 330
461 455
928 484
967 957
569 502
952 490
265 437
991 404
256 592
39 383
725 364
469 46
750 145
996 404
627 582
852 609
216 35
658 486
342 903
441 197
522 585
874 776
820 374
808 406
359 302
264 296
468 72
890 2
937 71
611 184
244 951
979 444
688 959
965 881
752 66
771 320
222 874
98 332
283 738
636 716
468 302
914 448
168 162
520 983
996 1000
387 320
205 26
317 543
840 628
30 122
71 528
755 579
899 317
975 78
488 558
434 57
988 203
106 829
852 362
672 976
432 85
777 908
126 115
254 132
970 733
607 640
385 65
224 983
384 116
619 318
56 656
224 583
485 33
417 193
777 545
261 464
778 202
105 4
684 16
722 351
417 35
792 81
133 935
741 82
546 64
656 896
881 343
823 620
717 41
595 757
506 756
678 732
784 868
864 722
96 844
656 937
565 70
455 98
856 770
694 517
805 265
164 391
221 594
352 943
558 723
872 629
195 863
183 538
644 24
916 869
740 857
409 457
249 138
31 582
762 241
823 471
210 743
211 194
505 481
16 436
115 670
188 210
45 823
83 508
728 967
72 619
606 1000
847 454
758 807
643 814
378 563
742 363
802 299
581 167
253 790
514 96
326 962
662 40
996 738
552 322
537 434
831 560
776 778
797 608
693 575
497 558
859 856
586 560
954 60
77 187
225 648
910 931
198 542
253 346
422 713
150 696
983 40
803 670
199 505
402 797
259 956
78 398
637 165
803 623
719 114
989 872
702 355
378 479
177 856
821 95
843 699
327 490
829 612
578 420
804 806
324 808
317 730
536 848
226 778
635 170
304 769
677 385
92 871
329 531
420 958
402 225
645 163
505 618
407 144
156 912
269 143
697 684
825 487
757 996
244 713
62 478
672 126
105 953
986 594
93 508
735 957
923 47
959 677
361 956
69 371
288 486
307 258
236 484
296 17
633 776
870 623
541 517
545 706
766 556
521 522
917 566
212 252
395 820
567 954
794 210
596 90
272 511
732 874
606 654
757 457
499 505
962 995
652 107
874 151
803 28
549 509
608 791
861 443
537 285
331 964
975 439
387 950
465 330
284 778
315 221
231 871
932 346
400 571
152 172
443 383
137 568
559 549
239 142
34 144
91 417
1 89
332 909
629 929
208 387
775 13
723 292
63 783
543 497
176 225
437 198
665 355
522 316
760 799
246 894
51 892
630 912
902 35
337 963
244 747
730 810
703 989
247 497
894 430
120 291
665 558
460 158
190 115
633 984
251 99
323 430
361 817
773 48
721 263
743 966
265 489
69 787
105 746
324 780
38 22
464 647
46 560
907 775
371 943
899 859
62 363
796 148
909 274
795 215
639 484
623 703
245 133
563 32
118 119
231 374
692 964
786 257
636 533
832 207
593 917
62 724
788 874
58 523
267 895
575 798
176 754
139 454
707 243
710 115
639 171
328 269
382 192
580 539
317 619
68 311
770 47
532 72
239 801
980 396
432 426
90 698
383 591
508 268
475 253
314 53
79 503
101 363
600 518
612 907
589 390
926 819
292 620
646 855
197 696
885 555
944 51
567 499
784 792
312 445
975 606
262 991
11 349
656 534
877 540
408 352
398 923
53 27
971 552
110 100
755 369
807 23
938 194
777 192
104 48
12 935
324 977
368 289
919 558
284 103
268 604
658 340
472 255
91 535
256 704
956 529
304 904
726 911
268 563
990 784
256 895
477 739
445 389
710 403
934 203
593 587
813 922
264 297
174 812
169 492
413 390
355 505
47 407
877 420
623 832
274 529
594 666
739 351
153 864
766 612
749 618
705 460
279 337
653 100
982 784
558 227
176 877
84 878
287 75
642 70
311 954
573 446
477 329
253 226
948 902
663 685
480 322
618 801
559 620
963 431
414 469
378 488
347 368
341 752
536 266
760 1000
980 757
437 62
25 948
229 188
671 277
877 512
860 498
932 967
797 479
530 570
73 785
425 504
890 399
731 500
986 177
55 822
887 201
355 968
321 168
753 237
146 469
165 380
706 61
172 641
781 557
657 999
514 872
735 186
247 245
905 273
834 153
86 330
860 933
882 685
259 428
812 832
652 685
744 662
486 543
86 421
458 52
425 965
966 164
616 639
691 79
549 21
295 861
325 268
705 319
706 528
980 119
965 997
325 70
698 672
805 844
255 133
771 180
439 450
335 29
732 903
879 976
273 407
809 410
949 642
148 423
480 511
463 1000
672 255
885 449
478 809
779 476
49 255
732 84
953 417
831 384
978 180
797 528
462 400
858 494
487 954
354 769
38 768
959 300
195 247
401 688
453 887
627 84
233 72
646 942
993 642
161 529
538 606
171 91
963 967
671 414
627 370
976 74
406 813
9 21
337 640
545 443
527 383
844 209
440 247
11 130
800 855
798 678
804 807
566 386
329 641
846 690
191 475
142 53
201 607
273 954
388 413
501 308
194 348
806 127
882 721
687 968
657 237
450 613
625 177
952 991
279 74
971 807
247 630
305 715
754 614
573 34
795 488
248 491
49 718
781 21
89 765
718 656
956 29
885 97
761 179
889 102
325 58
608 714
201 100
878 814
560 685
942 75
841 506
654 639
268 142
841 84
311 104
44 357
923 618
58 313
223 897
171 618
64 730
249 594
983 907
73 284
861 299
37 697
410 621
86 522
693 530
452 224
453 585
845 887
612 582
281 569
803 351
91 465
20 83
974 404
336 472
543 385
980 813
33 472
676 550
436 771
642 626
682 551
935 475
994 885
42 646
831 154
962 471
808 977
976 167
397 626
218 246
403 408
77 785
356 344
844 245
733 264
295 40
892 233
51 315
329 701
626 445
347 676
95 962
960 585
833 253
65 107
448 285
674 519
696 51
60 426
697 207
78 935
728 324
467 408
213 132
911 839
187 553
813 949
174 785
250 123
276 542
105 916
715 479
844 697
646 240
373 127
505 47
287 419
614 558
515 836
936 431
701 113
310 559
50 5
692 628
362 371
495 639
58 520
554 629
277 490
277 296
870 923
233 486
583 513
309 953
296 812
675 360
274 863
594 872
353 830
797 773
690 343
551 729
785 617
839 698
733 83
918 847
389 95
620 555
864 29
495 241
525 760
451 119
159 334
69 907
578 333
954 2
985 274
651 46
530 821
395 364
148 44
43 190
372 514
393 899
11 348
195 11
17 799
34 919
423 981
848 303
635 553
392 325
835 59
233 749
566 185
768 224
327 655
916 408
180 17
388 785
835 200
88 579
181 888
713 676
91 840
807 22
83 840
281 784
13 525
158 462
365 250
419 958
540 802
66 185
104 380
42 190
207 664
502 44
393 424
86 303
754 381
296 317
356 545
352 254
303 26
179 104
952 808
754 460
265 631
676 407
456 562
697 596
493 521
170 572
839 858
878 900
202 109
938 569
408 548
562 509
926 874
66 748
953 968
645 702
11 734
286 596
309 925
461 754
923 421
509 230
534 89
662 2
790 55
541 927
913 536
957 975
559 623
528 241
236 768
457 629
556 295
394 110
300 445
340 806
226 920
471 12
897 93
954 38
573 752
889 715
393 814
926 448
584 55
220 675
350 758
591 476
335 277
263 401
727 172
124 455
397 927
772 637
350 641
667 729
663 848
581 551
964 433
568 499
108 979
234 658
932 855
385 700
151 705
746 178
613 508
290 755
627 262
494 275
42 112
939 130
172 755
14 250
308 467
972 74
242 363
796 440
816 550
449 3
454 796
476 764
721 479
189 193
905 272
725 511
621 62
293 99
648 78
44 943
995 921
777 302
917 879
106 565
592 475
870 758
31 576
13 245
14 310
258 252
615 646
173 495
466 379
691 466
505 487
918 459
120 778
856 190
771 183
258 30
352 493
150 16
903 434
944 545
762 296
305 25
948 837
914 693
971 208
187 29
814 106
656 4
803 247
110 647
828 258
296 627
716 586
158 793
841 921
736 161
516 585
58 405
222 640
278 662
941 430
104 587
694 238
414 65
822 66
529 553
704 685
693 479
987 62
760 884
906 8
871 608
677 843
938 377
744 168
466 658
552 815
937 551
366 395
294 356
5 223
134 509
797 83
319 819
674 798
927 688
940 308
388 120
281 968
584 751
587 688
53 372
273 590
967 165
56 439
757 625
648 155
986 929
60 374
763 520
49 995
502 135
198 140
1 832
273 219
912 191
772 203
921 663
283 398
311 131
753 724
865 498
439 259
319 242
597 939
670 953
658 865
420 124
738 211
41 865
830 547
896 753
358 179
620 802
571 302
576 408
940 665
279 412
894 208
749 851
1 189
183 173
594 788
352 215
763 987
893 776
196 456
903 497
326 703
285 885
439 884
202 382
390 408
285 366
766 121
489 467
971 851
557 66
334 197
216 912
927 848
475 945
371 832
802 378
677 926
107 842
570 46
301 122
811 405
997 109
86 836
363 833
548 633
787 291
60 871
975 922
411 759
982 130
696 871
258 370
741 249
123 190
199 253
751 816
989 141
155 379
138 615
604 726
496 219
960 586
284 124
249 501
450 676
308 314
701 317
39 698
44 992
27 210
544 504
735 2
682 410
97 938
678 920
891 768
478 115
93 478
534 38
630 239
44 774
615 633
835 841
395 628
843 326
10 773
96 904
265 820
231 193
123 984
754 794
596 9
248 375
292 170
315 27
614 413
222 146
193 699
712 661
201 144
148 489
165 565
314 977
921 175
337 464
887 824
546 516
250 687
859 631
20 675
991 782
504 302
125 386
162 396
936 635
96 136
240 195
462 491
968 44
751 291
760 974
851 505
267 127
968 187
756 314
875 670
764 797
980 834
287 570
552 969
280 268
691 332
618 694
315 876
450 396
492 591
861 351
717 2
103 915
677 660
933 634
19 22
147 77
648 998
316 620
703 64
742 558
377 618
821 149
242 324
228 311
726 18
303 199
986 839
753 80
471 866
644 144
536 569
277 841
243 963
729 8
639 565
416 887
706 360
264 299
874 646
840 778
550 441
650 302
352 740
579 348
264 442
35 505
108 225
1000 945
1000 883
840 744
141 253
917 620
865 171
558 886
852 407
864 365
662 912
168 308
261 793
987 617
434 683
474 588
884 919
296 664
499 435
634 698
391 27
619 418
177 395
58 510
575 675
903 252
372 210
319 501
50 618
36 425
220 414
607 786
832 536
397 885
286 17
884 540
366 803
154 687
915 944
310 826
445 513
763 528
600 770
769 267
552 933
493 245
647 302
6 434
684 187
431 707
817 235
95 726
42 494
831 34
891 287
484 863
331 622
612 83
284 470
892 163
855 809
460 311
43 857
941 832
503 371
431 406
392 272
132 17
189 192
268 721
363 341
164 386
644 116
972 297
41 473
978 810
575 668
156 830
585 660
782 30
415 531
952 965
53 79
62 432
445 280
874 762
212 5
568 277
550 421
702 144
662 739
918 345
493 120
852 213
688 269
622 225
22 253
723 864
984 372
560 643
176 700
429 38
948 838
328 290
447 582
710 968
770 21
497 705
908 427
513 317
971 985
571 227
93 891
884 26
278 663
870 29
278 912
385 211
812 158
268 91
287 103
942 123
366 831
340 280
133 742
669 468
707 769
524 505
376 527
820 544
108 786
312 375
20 40
635 611
212 784
301 577
308 227
897 346
133 920
716 458
199 395
100 220
959 795
51 432
858 32
659 177
939 324
373 549
800 873
319 643
468 719
736 307
324 811
806 147
554 456
994 659
709 876
554 91
493 797
776 81
854 254
216 190
806 125
151 168
578 244
925 577
756 155
844 663
558 605
960 444
563 201
461 769
625 256
535 375
59 422
277 611
574 459
193 444
526 366
639 291
115 639
726 625
148 615
75 513
168 381
226 431
444 474
883 309
158 600
88 436
487 276
400 784
828 432
635 517
116 450
465 318
926 605
512 945
339 384
179 652
879 615
457 978
188 582
64 732
778 529
876 603
230 806
719 959
722 113
708 428
506 772
50 562
220 326
244 294
370 343
152 222
443 481
228 841
271 735
555 416
522 315
640 162
803 302
10 455
385 473
910 23
952 355
220 539
497 186
886 700
525 740
73 815
20 290
635 877
651 704
856 622
592 88
886 606
922 673
748 603
530 290
351 777
184 154
22 654
253 601
559 926
972 226
810 197
246 475
265 712
360 586
142 134
880 385
183 558
424 423
711 25
964 989
652 454
65 292
451 799
986 676
914 329
257 586
386 110
922 844
634 82
466 320
122 302
801 857
580 17
383 389
699 259
148 635
222 940
211 477
547 343
196 271
322 990
966 287
36 208
257 133
291 924
430 936
415 188
580 292
306 13
451 232
841 848
609 476
24 342
996 564
651 211
690 695
270 735
271 642
788 280
772 869
917 124
375 974
198 962
694 70
21 280
645 889
929 311
983 124
826 55
626 795
39 132
817 82
411 549
708 821
945 557
125 965
272 913
521 494
138 227
650 202
7 571
980 935
927 762
181 885
901 108
373 541
869 696
820 92
877 93
496 248
844 924
798 527
770 680
143 350
243 962
174 704
277 504
400 269
14 344
737 645
130 301
697 245
944 985
669 516
624 49
161 789
431 642
170 973
139 406
654 283
433 181
469 735
439 466
883 653
701 772
153 790
689 964
581 318
182 411
439 104
210 944
103 191
325 385
272 275
861 79
258 346
296 665
353 856
120 61
597 565
33 602
413 691
438 83
721 597
828 751
386 438
48 185
603 681
346 434
78 101
48 532
780 985
140 632
517 666
220 270
348 507
958 612
100 372
980 752
488 238
659 585
521 552
704 754
10 47
986 484
950 331
772 639
684 163
426 191
269 399
211 787
983 497
142 659
539 781
651 699
782 419
858 77
329 793
497 467
541 72
302 708
69 839
576 677
646 279
869 732
181 686
678 946
971 132
330 772
510 172
497 317
285 556
605 855
769 613
644 117
701 356
886 160
227 485
254 107
675 793
182 196
500 394
766 933
142 489
491 57
140 250
141 143
662 851
757 223
4 409
98 364
83 384
936 973
213 525
287 266
568 628
254 379
59 379
371 445
687 373
840 404
936 135
278 842
483 932
68 266
175 566
270 970
287 907
718 452
96 83
918 774
515 514
832 425
853 959
590 770
628 497
983 849
659 647
141 676
989 416
702 811
974 12
116 828
998 182
485 65
379 450
451 49
567 391
63 868
154 640
90 770
695 355
717 487
555 468
363 862
833 682
564 558
198 804
825 958
453 773
367 835
8 736
81 478
119 290
191 145
252 385
950 710
833 500
160 154
180 85
53 193
319 642
294 68
943 345
897 87
867 19
652 765
725 401
818 725
892 422
105 812
14 352
967 52
754 387
402 364
922 599
796 188
766 886
679 593
917 199
924 290
478 317
649 535
601 302
801 700
162 930
575 513
810 546
775 564
596 247
338 291
692 514
163 468
537 711
295 723
996 819
762 445
301 79
876 453
815 29
771 947
22 363
685 233
499 106
962 878
870 175
48 242
249 599
234 133
182 979
24 379
461 922
542 925
45 219
586 961
845 884
404 14
963 67
614 51
963 249
394 36
529 679
54 218
312 421
314 383
243 143
742 855
864 983
12 714
806 752
437 115
898 743
539 983
122 266
158 311
661 723
422 376
88 150
444 145
786 919
254 751
616 602
167 140
650 166
669 74
696 984
694 679
381 760
864 670
591 805
282 761
63 348
927 291
108 315
385 900
743 851
249 507
587 303
610 900
312 831
973 566
957 145
925 691
620 301
36 654
273 52
528 558
819 33
412 665
30 856
111 396
687 94
468 160
931 520
768 167
443 866
84 112
913 902
3 138
871 435
325 27
879 932
240 749
408 489
358 93
236 633
440 826
442 136
832 784
415 191
552 399
539 731
438 116
793 107
405 117
283 857
625 728
185 987
646 696
888 150
941 500
854 959
531 904
882 396
670 279
64 967
51 815
547 914
548 441
362 724
590 20
745 45
20 387
370 90
265 222
660 777
842 956
293 520
406 889
636 432
164 650
990 762
868 146
148 408
337 606
800 914
967 222
362 506
91 619
40 519
347 645
588 254
748 975
621 87
346 599
240 254
294 799
619 570
268 702
2 669
761 413
196 936
567 683
969 744
880 61
341 214
785 14
201 967
255 28
829 221
545 654
474 808
370 841
5 796
27 764
818 33
253 924
348 944
754 911
131 842
997 525
879 553
348 39
595 94
244 112
542 571
158 800
842 397
392 808
927 244
675 103
768 643
163 859
917 46
168 739
423 277
975 280
337 220
85 790
533 254
648 175
472 756
596 621
200 291
792 39
137 342
70 795
190 301
581 901
953 69
510 802
593 94
602 164
910 661
860 748
113 2
478 922
78 704
562 969
37 804
937 55
74 703
716 66
303 14
578 127
762 768
49 875
854 208
312 759
278 412
868 404
173 714
486 531
639 555
970 324
795 147
916 77
652 568
601 416
288 479
36 853
849 942
421 285
313 892
746 574
732 637
658 888
59 269
745 766
727 203
729 437
58 719
58 975
828 63
689 716
28 695
248 396
620 825
583 455
253 928
605 139
754 947
849 729
331 846
39 896
410 371
763 835
278 216
859 512
933 46
913 616
194 673
234 174
971 987
842 417
435 845
504 479
667 566
294 536
423 226
654 816
734 108
129 187
168 735
694 156
955 507
594 480
190 495
727 220
842 786
164 925
346 88
882 182
507 71
242 168
81 366
393 186
25 889
380 318
308 3
915 29
899 736
648 928
481 977
133 184
762 578
783 18
329 645
406 515
445 231
66 252
635 345
344 454
601 729
442 863
646 27
886 786
209 748
32 163
730 262
305 638
433 385
490 690
236 82
113 409
294 694
353 362
279 70
959 672
108 148
196 631
309 816
184 683
260 512
173 353
448 864
71 582
553 195
360 211
61 492
45 935
282 491
464 400
28 667
323 541
838 236
516 608
757 468
957 530
879 946
620 940
514 65
275 975
516 759
813 51
508 739
10 416
768 732
1 35
29 757
585 445
951 218
590 910
641 700
162 73
695 209
272 649
111 30
771 737
708 76
161 135
713 197
882 331
298 808
464 48
997 106
603 47
697 166
632 461
134 333
137 511
636 429
855 141
802 507
604 947
678 654
826 501
845 591
80 255
298 74
907 604
782 408
397 646
501 498
696 72
750 255
633 141
160 20
207 640
78 824
826 556
13 967
394 859
109 158
492 42
70 107
166 175
614 965
703 412
616 270
304 880
12 336
78 986
134 792
490 662
41 160
10 945
373 123
808 613
31 517
880 594
291 936
342 751
455 613
922 842
117 70
923 191
712 238
11 601
620 99
982 926
509 508
776 395
504 228
654 428
624 245
220 224
975 112
297 633
705 404
546 656
288 852
219 952
883 465
224 82
736 994
617 541
118 626
521 967
974 171
667 577
154 948
84 565
233 149
91 275
456 180
96 139
168 536
484 354
251 617
59 878
924 682
681 912
279 764
392 506
409 572
858 341
293 934
534 620
828 787
467 911
147 713
582 792
930 217
846 861
103 908
108 634
21 617
575 54
190 16
821 146
659 235
991 437
310 665
138 422
460 270
479 114
449 59
51 283
224 692
971 107
347 821
303 317
114 536
527 198
969 542
986 612
537 834
130 696
187 585
558 552
316 147
19 515
445 497
504 947
398 953
294 766
499 632
139 571
752 120
734 56
899 5
22 212
294 585
355 593
106 973
213 631
452 721
35 331
608 519
662 804
993 467
570 643
831 983
766 760
116 405
622 497
64 792
175 540
180 874
253 780
537 303
901 822
922 243
154 793
175 653
591 21
149 34
956 406
669 357
104 595
121 603
859 709
949 170
276 411
372 332
979 732
980 643
175 995
954 34
239 28
519 62
81 214
355 563
449 554
531 532
324 382
508 243
695 281
203 583
866 974
955 436
858 865
427 127
142 742
452 474
661 266
809 881
388 866
525 843
251 960
103 803
513 771
469 528
757 194
473 303
725 552
424 170
801 8
547 636
807 54
989 911
60 665
521 153
209 485
742 713
55 589
380 394
369 159
441 762
594 257
587 281
130 634
645 73
61 914
229 716
839 391
40 883
921 782
313 673
334 885
305 593
92 959
402 409
740 687
869 781
452 535
142 495
957 442
260 926
675 633
72 514
363 5
37 332
888 676
409 237
926 842
362 183
54 513
553 915
118 664
598 662
88 475
605 138
496 948
257 850
296 744
797 856
158 404
620 500
12 156
513 385
162 721
805 937
475 282
918 152
561 445
390 289
460 143
620 984
716 799
366 992
991 835
408 192
124 199
785 710
805 734
185 786
24 400
760 922
337 63
525 572
512 357
307 656
989 576
629 745
995 332
752 824
453 771
741 112
319 942
67 129
470 78
570 872
642 653
807 69
555 244
344 543
206 628
673 97
985 311
825 158
113 92
812 620
873 618
910 481
677 570
146 50
130 943
118 286
602 475
222 488
903 953
706 397
246 498
374 39
122 196
88 972
87 646
364 9
238 534
5 671
243 956
735 955
155 204
706 687
586 297
35 549
507 736
588 655
183 741
337 727
836 657
474 894
862 453
538 263
709 818
832 903
46 385
174 186
54 668
936 869
572 811
193 844
642 11
846 283
500 979
138 642
346 505
236 821
213 578
881 373
548 304
573 633
758 705
871 930
233 986
346 283
759 248
314 381
868 676
301 529
859 817
17 822
458 832
332 873
971 514
536 101
845 37
52 207
164 769
863 641
954 687
4 874
647 640
87 471
787 5
915 56
535 867
42 52
958 126
317 366
854 63
527 463
108 309
290 934
844 65
553 434
10 849
181 560
240 212
593 720
888 800
597 248
305 520
437 775
621 2
161 556
863 69
169 441
333 806
908 964
505 65
285 643
14 323
736 707
199 829
60 133
978 896
26 277
611 470
28 427
786 379
625 289
242 868
531 352
98 419
412 953
92 645
112 331
793 734
858 748
371 487
55 160
331 696
444 505
192 322
55 209
718 403
866 670
872 863
110 579
37 759
903 148
230 232
471 246
703 571
724 518
140 599
94 998
82 322
500 725
357 76
175 959
508 232
419 617
665 321
392 507
64 840
459 384
716 660
919 977
295 27
727 116
90 107
878 128
419 839
556 892
505 729
603 187
125 947
660 930
114 420
961 357
134 441
82 902
972 35
333 535
47 857
948 20
159 943
298 321
943 275
468 942
558 702
78 900
687 798
245 459
653 730
191 623
585 764
911 678
277 710
779 780
800 456
507 571
4 273
244 958
924 322
563 2
549 123
491 239
74 93
576 183
227 569
1000 887
359 44
219 761
72 965
1 479
419 120
477 210
335 180
248 6
504 112
741 566
546 548
709 40
231 852
604 274
789 128
666 157
846 339
884 2
427 707
376 793
968 509
346 433
867 583
242 766
439 952
868 193
51 924
567 444
684 593
826 118
851 409
160 548
656 729
220 696
829 774
134 232
375 860
417 36
725 582
800 611
28 808
655 815
472 532
215 868
751 918
78 548
542 407
669 135
52 135
934 301
42 45
483 5
75 511
829 714
406 613
869 729
708 601
624 660
751 741
40 997
645 72
715 965
437 926
614 898
451 954
412 684
930 785
753 850
239 955
89 902
403 915
597 33
464 867
304 648
984 90
268 307
736 651
300 604
746 572
175 364
161 822
2 242
166 545
630 90
649 585
465 564
545 680
486 962
463 302
18 616
936 251
921 329
334 310
508 765
110 793
790 101
884 832
390 663
101 336
755 725
348 5
408 338
637 649
802 958
422 944
611 742
327 782
73 763
367 505
776 896
463 982
963 286
289 819
660 294
497 944
962 602
465 146
67 98
674 454
656 709
682 589
555 457
684 243
613 211
484 25
621 584
656 596
270 436
255 862
716 732
350 614
884 474
100 73
998 614
911 181
517 814
85 364
34 197
470 446
751 795
990 545
920 647
282 736
523 482
525 515
265 502
303 610
35 1000
679 159
313 482
721 429
61 836
27 348
895 637
210 297
922 547
544 465
485 885
164 418
57 598
887 382
264 280
122 52
675 822
307 410
240 919
539 199
813 988
575 525
944 789
192 42
635 382
481 12
35 437
718 666
341 304
850 498
575 995
652 316
249 905
269 844
36 41
995 991
511 265
794 221
499 337
780 88
931 988
576 413
480 34
933 211
192 406
672 928
876 448
474 512
976 706
439 194
153 493
909 542
487 758
953 598
625 977
205 257
667 532
318 608
375 625
584 150
33 752
387 397
571 112
917 100
774 311
671 181
604 248
860 146
238 298
354 831
171 415
190 393
810 675
266 505
730 642
916 19
805 262
846 212
632 352
130 476
449 642
159 519
261 51
289 170
551 150
406 113
280 467
834 734
617 302
845 8
639 937
285 862
308 204
874 441
962 98
411 1000
659 62
467 1
114 355
303 747
482 415
963 596
427 243
951 771
972 286
421 96
44 989
705 957
411 54
468 973
948 343
109 813
584 270
369 896
703 495
728 249
654 225
677 735
575 545
905 525
389 740
175 183
982 132
454 394
630 19
282 43
947 311
993 496
150 98
232 769
69 114
567 919
54 718
495 936
408 492
617 626
923 479
652 183
395 166
415 43
3 429
576 125
614 353
541 949
379 816
571 190
475 325
148 357
352 136
885 274
500 816
138 287
949 629
435 903
42 947
243 78
850 26
614 67
779 26
230 402
929 489
487 619
806 817
536 309
635 705
797 722
10 164
615 979
585 296
863 945
419 616
663 981
100 291
814 611
416 482
439 746
977 71
195 414
89 981
649 293
778 387
54 833
554 362
227 158
959 209
378 286
915 87
679 214
973 501
243 680
435 589
54 826
433 668
695 872
459 960
136 61
97 600
562 514
913 180
547 192
148 999
679 389
316 173
173 628
853 498
395 518
606 218
862 96
312 572
95 339
796 790
356 781
982 585
70 23
515 934
148 709
956 108
387 315
101 867
46 220
912 138
145 765
304 996
357 602
568 971
277 377
462 191
230 427
732 809
163 126
921 142
962 802
219 845
486 144
434 567
695 948
893 975
516 713
244 482
817 126
12 472
751 477
272 565
439 955
812 183
44 73
154 569
983 830
180 569
471 10
309 347
901 615
764 975
988 775
680 521
228 156
229 165
470 177
712 986
683 320
774 25
150 775
985 680
989 796
731 461
548 781
775 28
208 910
302 712
804 589
768 480
381 701
317 405
570 551
484 521
821 918
100 561
520 28
131 350
965 571
344 11
911 645
348 595
754 490
882 567
866 144
583 13
36 848
143 604
95 439
540 192
639 266
785 239
140 218
273 275
917 538
927 811
786 582
724 321
335 117
46 248
343 590
456 306
422 652
406 128
637 86
857 542
626 377
644 580
439 72
315 70
872 777
139 148
893 653
533 972
276 347
349 379
67 79
92 3
510 310
442 62
590 84
898 509
22 810
996 456
673 571
711 935
414 75
774 219
560 83
834 622
634 812
375 946
285 422
742 819
217 528
641 182
364 362
493 212
880 656
738 945
372 759
212 908
690 812
437 317
699 582
114 410
521 298
461 391
281 801
736 526
413 292
930 398
6 435
207 824
608 824
616 119
594 65
623 348
754 221
42 225
251 189
44 581
678 978
790 760
900 104
574 3
445 85
156 1000
503 451
62 751
476 589
832 477
635 384
585 699
730 436
786 386
630 133
460 645
246 146
257 609
900 285
991 556
245 90
250 320
207 146
814 174
205 598
900 563
794 218
44 461
118 762
871 24
412 237
269 732
936 871
516 432
865 242
90 686
608 815
773 153
909 781
409 922
546 621
408 493
58 435
385 129
43 429
4 905
851 813
509 906
914 964
993 965
498 413
723 300
897 708
745 164
854 518
16 626
971 806
58 149
756 300
647 79
923 943
311 110
855 621
186 305
7 957
639 869
498 905
785 426
438 217
651 886
229 846
527 299
507 100
392 142
691 562
583 512
773 56
920 740
761 826
446 336
898 358
950 960
94 358
901 132
598 54
47 820
387 406
692 63
472 154
18 90
915 280
888 802
430 279
285 528
753 904
134 799
341 297
914 307
553 497
776 854
956 986
299 877
504 777
527 909
786 377
847 352
938 588
50 935
11 683
230 317
603 821
771 245
790 179
701 876
776 541
7 319
367 739
712 667
140 924
862 705
576 506
116 35
210 88
113 183
31 90
599 546
900 821
49 194
215 286
570 379
825 420
111 857
918 817
760 101
499 251
985 768
238 340
275 714
812 99
405 851
655 567
438 261
404 413
613 153
447 89
584 401
802 56
87 38
312 308
711 653
530 925
414 957
631 999
592 795
316 763
632 492
302 834
29 26
857 393
473 400
271 77
989 936
596 802
90 395
865 775
79 726
129 733
542 347
643 544
592 200
701 490
4 110
393 465
75 51
403 520
407 208
360 683
787 878
883 965
717 721
320 373
919 373
745 996
501 102
709 577
781 372
305 699
987 931
627 796
352 762
374 271
340 395
657 63
253 694
469 617
64 816
808 189
316 396
175 315
251 766
371 895
134 41
151 290
64 460
653 156
173 439
913 759
788 901
145 653
970 214
102 231
139 363
747 222
16 254
70 321
608 888
510 136
685 156
79 189
154 868
927 99
896 477
206 48
962 850
615 172
654 856
659 878
306 762
492 997
39 331
370 265
638 804
907 76
964 11
909 694
492 884
243 218
45 432
394 248
508 14
825 820
882 319
6 503
829 772
798 1
216 765
570 224
682 998
975 939
690 777
565 939
416 382
436 113
312 191
440 116
122 602
74 985
20 487
596 838
47 910
130 966
38 199
572 242
995 160
762 669
416 338
363 442
146 92
305 11
357 737
919 908
665 776
890 313
623 537
403 548
826 293
705 100
657 249
730 465
967 476
805 385
537 803
350 486
207 411
50 482
178 175
948 447
613 123
607 154
849 930
26 331
500 262
525 147
784 787
804 350
574 672
610 29
258 102
98 361
207 185
335 116
743 347
939 101
620 166
595 864
73 189
715 762
352 484
481 192
465 699
227 932
46 104
361 378
378 568
70 274
791 278
426 806
723 68
83 229
649 402
971 433
859 516
714 257
898 216
849 622
25 92
742 499
366 325
471 203
720 733
672 567
960 910
806 279
534 350
367 507
3 642
25 894
798 323
824 698
901 602
154 653
704 346
693 472
270 523
313 36
276 152
617 22
109 370
940 278
998 612
761 940
1000 72
378 484
954 633
351 491
613 772
561 681
964 690
259 722
936 790
856 694
838 634
431 432
556 487
36 512
773 997
940 838
592 303
275 983
518 571
910 177
184 593
113 413
294 682
5 557
653 359
866 36
247 767
642 373
199 632
771 11
59 301
611 840
424 871
339 13
89 630
788 974
922 287
993 24
554 86
391 187
16 183
839 569
474 927
861 1
75 660
116 456
392 902
235 658
373 423
948 983
606 751
833 896
456 795
417 422
591 206
738 558
6 816
709 811
270 709
896 308
36 495
771 596
901 557
850 967
506 881
177 695
620 733
508 199
163 996
538 664
812 15
327 889
635 660
217 627
533 419
214 587
3 924
65 551
372 677
446 228
765 410
488 442
87 242
551 771
829 957
497 188
122 547
553 377
432 545
697 27
419 829
497 13
61 644
189 463
377 599
712 504
364 827
891 872
787 119
221 975
170 415
227 66
709 842
963 598
402 432
179 487
87 566
19 334
61 983
50 328
857 104
108 470
382 525
761 388
728 251
191 709
57 688
549 973
44 765
995 807
411 130
250 242
527 908
144 171
340 36
292 499
934 902
867 353
575 944
451 658
931 668
101 49
322 894
296 901
795 381
672 736
359 154
988 818
434 815
159 449
882 611
698 979
59 23
361 451
404 201
280 855
194 741
785 47
323 795
829 813
261 593
157 181
620 690
254 880
681 818
335 529
618 415
285 508
486 423
552 545
293 977
258 948
263 503
924 725
870 313
267 942
566 6
4 555
256 362
722 256
941 546
835 35
11 421
570 188
5 143
765 303
513 852
790 980
755 489
77 813
260 467
482 351
797 20
981 887
626 70
882 988
111 498
976 190
575 387
797 133
472 200
221 979
831 240
834 138
446 732
786 41
314 752
330 893
402 286
60 326
856 285
947 966
269 206
571 818
420 846
478 220
979 473
815 71
641 800
179 225
655 622
279 138
551 241
878 908
439 320
904 639
387 317
575 980
135 587
338 341
391 477
819 478
839 995
678 423
538 378
614 545
80 968
653 155
638 427
106 856
767 40
902 869
205 532
421 983
651 390
652 85
416 223
594 836
978 423
941 49
945 54
448 586
432 79
625 782
93 784
929 985
97 341
279 703
970 594
414 515
223 854
718 63
521 851
849 188
43 261
637 437
237 967
627 67
746 779
152 395
124 479
551 890
807 204
668 566
405 584
765 322
217 724
678 635
181 945
94 626
366 503
665 636
591 812
675 424
545 406
506 762
267 680
15 62
114 455
795 554
977 835
924 846
941 808
835 317
112 756
161 286
125 709
192 506
222 353
578 457
513 594
810 244
646 406
287 24
743 784
227 410
246 490
928 87
795 408
849 613
403 551
189 74
227 491
815 234
692 871
216 88
511 931
758 480
696 465
827 569
630 46
634 37
852 220
512 919
691 86
654 334
487 11
364 342
813 663
391 449
212 226
692 564
287 240
788 811
331 756
23 794
524 989
583 450
490 31
888 390
137 808
373 450
67 555
841 48
658 678
788 521
914 828
771 861
850 190
335 826
766 506
489 110
305 289
281 378
282 903
508 296
168 708
48 136
996 458
359 187
722 89
157 328
858 503
163 971
368 855
88 970
646 788
372 467
820 559
323 241
17 846
604 134
256 214
721 998
834 671
821 393
473 301
237 828
453 783
534 552
811 245
929 591
882 2
705 539
758 347
838 857
565 63
323 444
754 72
773 194
777 7
819 776
707 322
490 616
373 735
691 758
181 728
221 539
354 188
652 763
504 529
415 623
87 642
553 266
238 538
131 188
830 894
706 312
122 51
251 413
490 703
540 92
992 661
221 317
627 806
743 408
249 172
191 817
438 299
854 339
438 550
793 597
938 598
678 221
474 890
71 428
532 962
956 22
372 623
813 763
193 550
693 933
32 612
895 3
914 638
719 241
705 387
524 961
102 708
883 504
996 825
264 575
524 80
453 286
456 14
421 880
63 595
250 770
417 421
935 543
916 2
996 543
923 643
565 558
713 379
914 962
684 428
817 277
565 607
196 912
960 44
918 629
850 855
559 781
670 17
167 932
719 587
423 62
730 816
802 389
808 986
789 889
167 53
260 361
189 605
281 658
32 280
768 140
251 125
33 162
307 831
643 697
327 448
760 718
259 672
889 64
88 654
251 234
496 716
26 716
133 296
598 52
182 538
749 56
655 809
723 741
190 250
247 783
514 728
972 360
791 116
353 280
9 756
286 820
839 216
198 224
661 996
131 41
387 435
178 440
192 9
411 297
236 450
796 406
888 625
460 826
465 992
157 938
763 435
377 236
537 564
438 846
118 853
512 886
602 878
934 609
867 606
651 413
429 103
982 893
770 37
112 557
455 791
849 548
352 28
872 835
214 886
36 302
898 129
976 673
849 437
611 722
6 898
928 964
193 989
401 964
851 272
634 896
642 781
781 697
361 141
110 272
256 239
902 106
732 315
665 758
719 559
688 177
825 205
734 820
526 850
919 834
685 540
627 729
273 718
844 131
241 82
702 289
406 994
462 990
18 154
717 796
830 69
522 794
70 590
958 489
734 529
344 387
400 501
74 276
148 994
627 881
353 292
677 161
813 52
368 231
923 225
687 120
339 998
378 902
731 844
449 833
540 366
304 76
400 945
802 692
32 684
625 547
166 795
332 375
840 462
569 784
804 105
642 92
182 269
202 711
224 115
353 849
997 664
837 495
106 123
559 634
77 426
956 403
867 856
63 619
543 157
76 742
743 690
180 516
487 904
660 270
883 127
519 53
444 989
586 658
881 610
113 760
958 333
977 23
81 90
997 92
284 665
358 526
470 180
971 625
426 166
138 882
301 742
820 874
217 731
125 994
716 267
328 604
955 681
964 934
851 872
265 77
748 756
530 579
731 462
310 719
612 91
204 982
716 489
706 51
834 124
414 712
237 411
17 90
612 185
914 87
517 394
169 20
387 237
812 826
744 640
212 414
196 891
179 176
342 553
199 880
511 930
590 725
991 468
616 474
65 372
991 357
874 629
14 686
54 619
956 115
667 192
121 62
875 101
1 398
177 352
633 91
460 977
357 635
818 255
12 10
936 644
129 354
576 437
315 91
154 215
961 717
935 997
383 696
719 50
791 385
524 60
480 376
124 687
316 513
343 399
431 579
805 694
45 669
878 992
106 369
350 716
950 12
846 77
483 617
29 781
105 191
280 221
731 60
413 31
751 65
698 447
517 921
241 312
367 840
291 869
471 766
857 678
209 427
502 720
30 683
547 543
208 877
797 219
263 803
964 700
268 542
196 126
734 697
934 47
866 337
614 979
264 141
160 162
17 427
492 83
585 696
178 254
360 741
142 349
700 351
938 708
939 677
914 541
141 91
198 20
420 22
157 965
191 897
804 380
832 109
406 48
944 631
373 131
830 665
395 190
912 100
494 350
111 608
516 622
560 566
561 323
154 811
448 516
177 122
145 996
152 408
576 256
371 188
312 23
45 67
708 261
785 532
111 838
577 874
584 154
33 756
430 630
489 474
430 812
888 240
380 916
931 284
862 804
96 451
232 131
603 436
307 755
638 268
208 893
517 620
518 191
428 401
808 987
248 36
962 348
800 687
912 937
86 972
787 411
825 76
829 556
958 331
51 404
986 249
185 350
593 297
721 380
389 812
622 972
215 526
493 872
900 184
521 37
751 855
652 664
212 359
305 515
469 368
252 608
735 117
886 227
84 153
342 593
348 534
118 904
303 878
162 878
111 277
600 38
448 211
549 211
163 360
53 900
607 365
75 596
793 124
250 466
70 201
128 576
679 376
962 939
942 109
162 675
131 318
534 75
793 963
991 992
634 687
598 973
987 437
900 816
465 419
513 381
822 481
435 907
989 368
862 998
756 109
716 844
872 610
813 801
102 939
864 134
793 142
320 932
689 493
926 466
582 624
859 925
452 349
496 65
884 376
452 492
972 747
314 397
99 657
25 598
82 609
212 848
626 866
932 805
310 625
846 935
650 242
389 110
997 281
353 483
30 132
405 794
60 755
856 594
303 345
89 502
769 625
311 802
402 122
402 559
321 74
322 293
216 288
454 814
184 190
458 293
60 465
616 193
47 213
839 409
580 213
575 355
249 265
670 589
486 622
179 114
736 885
832 280
565 461
691 463
435 269
793 611
467 156
472 262
992 973
576 140
151 462
562 499
586 509
202 482
644 733
314 664
22 89
908 956
207 87
192 308
871 460
965 903
718 577
3 380
165 922
83 346
702 981
709 19
858 767
819 623
894 17
842 436
571 222
500 303
384 147
976 541
722 49
724 551
817 195
984 844
859 840
141 777
185 873
809 34
480 699
816 5
889 721
266 42
712 118
15 757
860 342
132 454
495 354
78 446
798 919
866 222
403 240
773 347
901 406
398 367
668 423
725 562
393 135
380 273
458 615
590 388
941 806
108 747
644 351
166 15
702 173
599 319
804 901
217 101
968 747
53 407
769 974
743 656
870 965
283 158
643 430
56 276
312 766
832 501
227 493
464 969
528 990
196 868
208 34
182 819
772 217
576 970
732 709
839 163
930 925
645 486
813 516
995 865
83 283
178 61
933 443
596 219
62 667
836 714
1000 856
913 839
418 639
454 353
862 354
205 933
22 101
6 670
667 880
481 197
923 332
157 770
874 276
197 1
953 867
374 525
301 99
853 982
858 800
197 43
95 799
628 330
477 418
945 80
763 969
915 648
861 476
538 993
707 409
842 571
242 799
298 541
831 437
372 430
964 106
177 28
91 462
418 146
45 401
626 968
366 183
511 384
170 40
697 147
717 112
350 619
46 884
51 522
622 215
290 698
685 611
526 537
378 483
985 313
76 94
901 27
468 720
380 420
203 165
350 788
276 735
460 332
248 826
506 510
400 431
308 296
200 913
922 556
47 141
17 366
678 33
916 926
97 900
355 348
763 331
250 106
566 810
700 933
706 681
675 906
602 630
629 351
301 276
891 604
50 20
685 205
144 209
400 107
213 7
117 28
671 751
763 518
778 583
767 118
438 838
184 801
685 319
282 498
637 582
177 232
831 514
988 272
700 156
461 688
23 937
690 422
344 726
534 31
77 480
404 816
704 374
785 172
805 728
185 967
813 189
634 618
466 808
582 506
613 802
162 465
383 957
774 296
137 693
135 486
817 267
512 327
272 640
154 748
747 743
17 808
579 625
732 337
399 130
113 647
989 702
155 934
156 405
945 568
808 988
388 800
371 616
337 203
764 209
530 633
312 122
575 27
996 44
134 471
138 922
303 324
199 247
543 757
859 493
455 30
276 755
849 349
563 481
415 956
770 733
916 963
979 452
579 907
528 919
1000 724
304 710
912 389
140 338
382 899
259 126
425 778
476 509
688 896
339 972
539 87
260 604
889 414
687 215
221 33
383 285
794 58
724 191
248 240
547 350
399 701
850 245
776 656
966 679
733 168
880 548
153 460
997 755
728 947
837 410
56 641
201 504
667 759
797 572
898 750
780 814
530 921
582 486
54 15
756 334
756 413
479 534
264 605
176 185
584 6
197 541
529 89
293 990
318 355
745 21
746 358
424 786
543 767
945 548
470 25
971 548
453 965
939 2
928 497
251 938
180 102
769 711
803 143
665 534
133 104
925 476
288 15
660 799
330 646
717 794
4 987
955 877
66 140
415 771
532 465
809 716
377 817
209 668
374 558
674 574
145 180
329 471
81 451
776 18
890 144
678 105
807 591
300 743
763 517
596 951
965 723
912 481
1 646
350 409
795 60
355 485
142 389
740 742
50 653
131 786
226 266
210 647
338 336
841 319
753 539
447 967
672 527
912 30
73 22
520 595
760 312
98 675
646 237
34 411
16 242
179 606
845 710
439 144
504 485
645 695
969 189
497 684
832 739
965 329
897 585
239 180
903 7
358 290
759 978
834 519
52 504
896 110
95 570
647 403
376 620
752 787
452 449
76 341
775 367
261 859
159 730
100 34
212 996
564 369
379 125
455 192
664 263
431 349
543 991
339 584
673 440
782 202
17 316
830 246
485 859
624 793
550 241
277 883
647 885
818 697
51 26
291 523
390 845
359 360
287 479
609 124
888 572
761 306
616 619
69 275
288 582
645 630
649 627
448 796
599 468
625 636
370 869
386 222
225 110
598 681
401 332
594 916
386 369
248 40
548 37
272 360
112 631
223 913
993 210
277 9
480 395
542 543
173 688
470 554
163 238
951 89
719 901
851 349
806 995
400 603
20 988
850 991
297 997
391 791
418 147
510 533
584 890
43 354
501 930
11 256
967 709
471 795
935 299
313 40
646 922
483 504
318 523
319 70
485 298
124 510
696 743
385 222
405 617
997 207
363 751
146 267
575 230
688 458
502 726
345 153
647 554
191 382
380 421
831 428
200 771
223 41
653 570
356 398
15 596
256 644
30 986
251 574
117 313
772 47
131 161
27 112
799 758
451 924
457 307
972 470
79 652
463 237
890 59
675 909
801 730
105 239
978 550
11 565
286 761
606 38
623 908
718 668
408 615
62 692
432 349
895 12
291 146
143 861
904 571
136 901
746 828
528 391
552 13
276 234
162 155
701 692
885 151
196 428
324 249
269 552
366 532
914 974
997 734
500 986
799 104
851 630
909 536
72 225
599 751
33 650
508 364
626 523
970 617
662 291
556 226
72 741
486 447
272 641
537 187
194 814
323 238
200 355
772 937
155 933
925 213
51 760
462 547
531 706
54 509
935 92
574 740
901 348
133 994
765 263
747 772
877 845
91 888
423 793
635 871
321 243
752 569
308 495
38 176
424 740
21 974
282 718
892 253
929 877
144 739
787 123
181 648
865 879
829 268
955 945
820 497
199 20
679 270
176 434
681 190
535 719
433 421
108 97
398 933
592 414
920 812
5 525
841 433
531 461
308 978
827 610
899 17
517 805
226 359
122 308
253 993
770 798
308 833
628 638
442 447
473 443
286 612
412 807
664 692
165 681
993 56
831 776
245 347
714 498
842 271
770 32
898 237
611 582
33 948
495 431
714 325
453 511
202 561
477 489
444 726
766 49
327 831
73 49
64 929
391 974
216 968
335 541
609 805
16 595
418 219
627 107
662 446
428 480
836 485
584 406
777 3
108 844
955 529
884 489
603 3
57 107
939 5
733 3
254 696
857 396
506 738
52 170
159 886
240 442
627 310
241 87
994 527
812 668
521 246
685 160
492 186
787 151
477 581
7 778
905 224
763 20
971 99
536 516
757 574
369 981
66 134
834 313
565 391
325 930
829 498
689 967
880 54
184 525
921 596
994 34
814 265
84 46
672 778
382 783
93 168
365 707
3 64
919 86
961 964
529 248
18 639
666 435
326 305
957 368
121 144
164 596
322 905
107 421
328 342
455 22
837 91
31 148
869 570
568 832
22 441
776 653
942 254
871 172
514 1
332 740
554 57
760 23
196 2
872 561
358 336
508 293
970 606
898 275
439 945
427 841
67 510
154 899
799 4
551 528
219 43
8 912
688 114
284 613
348 325
530 781
380 796
756 353
247 366
428 452
241 273
167 105
632 414
891 443
893 265
363 770
694 858
73 796
865 949
20 492
976 490
873 630
32 434
125 705
643 754
274 19
485 713
943 1
713 942
648 235
521 99
5 274
868 270
706 417
445 75
601 141
322 438
769 893
863 117
921 790
653 772
424 114
100 615
69 496
383 144
737 600
88 90
79 683
869 821
486 667
605 523
883 853
934 883
810 421
793 750
539 30
291 763
232 816
340 283
805 895
933 266
295 801
684 48
525 112
124 853
698 548
894 160
698 919
789 316
370 580
261 755
444 559
943 711
159 212
663 708
745 289
484 339
157 467
874 71
712 950
250 861
289 859
298 539
580 245
632 331
608 214
168 855
6 107
579 311
700 464
798 215
158 182
507 368
55 730
759 550
601 700
928 604
